cycle 1
0 1 2 1 1 0 0 0 0 0 
0 0 1 1 11 1 0 0 0 0 
0 0 0 0 1 0 0 0 0 0 
0 0 0 0 0 0 0 0 0 0 
0 0 0 0 0 1 0 0 0 0 
0 0 0 0 1 60 1 0 0 0 
0 0 0 0 0 1 0 0 0 0 
0 0 0 0 0 0 0 0 0 0 
0 0 0 0 0 0 0 0 0 0 
0 0 0 0 0 0 0 0 0 0 
cycle 2
0 1 2 1 2 0 0 0 0 0 
0 0 1 2 7 2 0 0 0 0 
0 0 0 0 2 0 0 0 0 0 
0 0 0 0 0 0 0 0 0 0 
0 0 0 0 0 2 0 0 0 0 
0 0 0 0 2 56 2 0 0 0 
0 0 0 0 0 2 0 0 0 0 
0 0 0 0 0 0 0 0 0 0 
0 0 0 0 0 0 0 0 0 0 
0 0 0 0 0 0 0 0 0 0 
cycle 3
0 1 2 1 3 0 0 0 0 0 
0 0 1 3 3 3 0 0 0 0 
0 0 0 0 3 0 0 0 0 0 
0 0 0 0 0 0 0 0 0 0 
0 0 0 0 0 3 0 0 0 0 
0 0 0 0 3 52 3 0 0 0 
0 0 0 0 0 3 0 0 0 0 
0 0 0 0 0 0 0 0 0 0 
0 0 0 0 0 0 0 0 0 0 
0 0 0 0 0 0 0 0 0 0 
